MIN=0	0	0	0	0
MAX=300	2154,43469003188	511	1866,72549019608	2000
SCALE=300	5	100	500	500
DEC=0	0	0	1	0
DEF="Zeit" t / s	"Ereignisse" N_A	"Kanal" n_A	"Energie" E_A / keV	"Spannung" U_A / V
0	0	0	-47,0196078431372	740,731770833333
1	16	1	-43,2745098039215	739,1796875
2	149	2	-39,5294117647059	738,791666666667
3	238	3	-35,7843137254902	739,955729166667
4	280	4	-32,0392156862745	738,015625
4,999	377	5	-28,2941176470588	743,059895833333
5,999	324	6	-24,5490196078431	741,895833333333
6,999	299	7	-20,8039215686274	735,6875
7,999	349	8	-17,0588235294117	738,015625
8,999	407	9	-13,3137254901961	741,895833333333
10	379	10	-9,56862745098044	736,463541666667
11	377	11	-5,82352941176475	736,463541666667
12	430	12	-2,07843137254906	743,8359375
13	460	13	1,66666666666669	736,463541666667
14	451	14	5,41176470588238	737,239583333333
15	424	15	9,15686274509807	742,283854166667
16	518	16	12,9019607843137	739,1796875
17	538	17	16,6470588235294	741,895833333333
18	484	18	20,3921568627451	740,731770833333
19	457	19	24,1372549019608	736,463541666667
20	538	20	27,8823529411765	736,8515625
21	655	21	31,6274509803922	742,283854166667
22	695	22	35,3725490196078	735,299479166667
22,999	713	23	39,1176470588235	742,671875
23,999	899	24	42,8627450980392	736,463541666667
24,999	1113	25	46,6078431372549	727,927083333333
26	1130	26	50,3529411764706	740,34375
26,999	1009	27	54,0980392156863	736,075520833333
27,999	1002	28	57,8431372549019	739,1796875
28,999	1017	29	61,5882352941176	738,015625
29,999	926	30	65,3333333333333	740,731770833333
30,999	792	31	69,078431372549	734,911458333333
31,999	866	32	72,8235294117647	738,015625
32,999	945	33	76,5686274509804	739,955729166667
33,999	944	34	80,3137254901961	741,5078125
34,999	811	35	84,0588235294118	740,731770833333
35,999	937	36	87,8039215686275	738,015625
37	1036	37	91,5490196078432	736,463541666667
38,001	1066	38	95,2941176470588	738,791666666667
39	936	39	99,0392156862745	740,34375
40	1079	40	102,78431372549	736,075520833333
40,999	1158	41	106,529411764706	738,791666666667
41,999	1132	42	110,274509803922	737,627604166667
42,999	1029	43	114,019607843137	735,6875
44	1154	44	117,764705882353	735,299479166667
45	1212	45	121,509803921569	743,059895833333
46	1177	46	125,254901960784	739,955729166667
47	1041	47	129	745
48	1163	48	132,745098039216	740,34375
49	1205	49	136,490196078431	738,403645833333
50	1116	50	140,235294117647	738,015625
51	1003	51	143,980392156863	742,671875
52	1086	52	147,725490196078	739,1796875
53	1211	53	151,470588235294	739,567708333333
54	1071	54	155,21568627451	737,239583333333
55	953	55	158,960784313725	742,283854166667
56	1075	56	162,705882352941	742,283854166667
57	1132	57	166,450980392157	739,1796875
57,999	1029	58	170,196078431373	743,8359375
58,999	909	59	173,941176470588	740,34375
59,999	1014	60	177,686274509804	738,403645833333
60,999	1106	61	181,43137254902	737,239583333333
61,999	996	62	185,176470588235	741,119791666667
62,999	982	63	188,921568627451	738,791666666667
63,999	1083	64	192,666666666667	738,791666666667
65	1168	65	196,411764705882	739,955729166667
66	1168	66	200,156862745098	738,015625
67	1100	67	203,901960784314	738,791666666667
68	1112	68	207,647058823529	736,463541666667
69	1202	69	211,392156862745	739,1796875
70	1061	70	215,137254901961	737,239583333333
71	983	71	218,882352941176	742,283854166667
72	1072	72	222,627450980392	741,895833333333
73	1088	73	226,372549019608	739,567708333333
74	949	74	230,117647058824	738,015625
75	824	75	233,862745098039	735,6875
75,999	904	76	237,607843137255	741,119791666667
76,999	933	77	241,352941176471	741,895833333333
77,999	823	78	245,098039215686	739,567708333333
78,999	719	79	248,843137254902	739,567708333333
79,999	767	80	252,588235294118	738,791666666667
80,999	815	81	256,333333333333	742,283854166667
81,999	759	82	260,078431372549	736,463541666667
82,999	614	83	263,823529411765	739,955729166667
83,999	731	84	267,56862745098	738,403645833333
84,999	789	85	271,313725490196	737,239583333333
85,999	674	86	275,058823529412	742,283854166667
86,999	649	87	278,803921568627	736,075520833333
87,999	655	88	282,549019607843	737,627604166667
88,999	653	89	286,294117647059	740,731770833333
90	677	90	290,039215686274	740,34375
90,999	577	91	293,78431372549	741,895833333333
92	609	92	297,529411764706	741,5078125
93	682	93	301,274509803922	738,403645833333
94	630	94	305,019607843137	741,5078125
95	592	95	308,764705882353	735,6875
96	624	96	312,509803921569	739,567708333333
97	637	97	316,254901960784	737,627604166667
98	628	98	320	739,567708333333
99	487	99	323,745098039216	743,447916666667
100	533	100	327,490196078431	736,8515625
101	597	101	331,235294117647	737,239583333333
102	551	102	334,980392156863	737,627604166667
103	504	103	338,725490196078	741,895833333333
104	530	104	342,470588235294	745,776041666667
105	584	105	346,21568627451	738,791666666667
106	533	106	349,960784313726	741,119791666667
107	488	107	353,705882352941	739,955729166667
108	524	108	357,450980392157	736,075520833333
109	563	109	361,196078431373	740,731770833333
109,999	503	110	364,941176470588	742,283854166667
110,999	437	111	368,686274509804	738,015625
111,999	478	112	372,43137254902	741,895833333333
112,999	523	113	376,176470588235	738,791666666667
114,001	468	114	379,921568627451	738,791666666667
114,999	391	115	383,666666666667	741,5078125
116	451	116	387,411764705882	744,223958333333
117	493	117	391,156862745098	741,119791666667
118	412	118	394,901960784314	740,34375
119	441	119	398,647058823529	738,015625
120	411	120	402,392156862745	743,059895833333
121	445	121	406,137254901961	739,1796875
122	410	122	409,882352941176	738,403645833333
123	376	123	413,627450980392	742,283854166667
124,001	409	124	417,372549019608	741,5078125
125	434	125	421,117647058824	738,015625
126	411	126	424,862745098039	742,283854166667
127	325	127	428,607843137255	738,403645833333
128	387	128	432,352941176471	736,075520833333
128,999	404	129	436,098039215686	743,447916666667
129,999	372	130	439,843137254902	738,015625
130,999	338	131	443,588235294118	738,791666666667
132	397	132	447,333333333333	741,119791666667
132,999	403	133	451,078431372549	737,627604166667
133,999	383	134	454,823529411765	740,731770833333
134,999	349	135	458,56862745098	735,299479166667
135,999	392	136	462,313725490196	740,731770833333
136,999	387	137	466,058823529412	741,119791666667
137,999	351	138	469,803921568627	736,8515625
138,999	328	139	473,549019607843	738,403645833333
139,999	333	140	477,294117647059	738,015625
140,999	367	141	481,039215686275	738,403645833333
141,999	336	142	484,78431372549	742,671875
143	328	143	488,529411764706	738,015625
144	364	144	492,274509803922	738,403645833333
145	389	145	496,019607843137	736,075520833333
146	329	146	499,764705882353	741,119791666667
147	260	147	503,509803921569	741,5078125
148,001	326	148	507,254901960784	739,567708333333
149	380	149	511	739,1796875
150	332	150	514,745098039216	740,731770833333
151	317	151	518,490196078431	740,731770833333
152	322	152	522,235294117647	736,075520833333
153	336	153	525,980392156863	736,8515625
154	278	154	529,725490196078	735,6875
155	251	155	533,470588235294	737,627604166667
156	310	156	537,21568627451	735,6875
157	327	157	540,960784313726	736,8515625
158	279	158	544,705882352941	738,403645833333
159	261	159	548,450980392157	737,627604166667
160	283	160	552,196078431373	736,463541666667
161	297	161	555,941176470588	739,955729166667
162	254	162	559,686274509804	736,463541666667
162,999	272	163	563,43137254902	738,015625
163,999	277	164	567,176470588235	735,6875
165	315	165	570,921568627451	736,8515625
165,999	255	166	574,666666666667	737,239583333333
166,999	248	167	578,411764705882	741,895833333333
167,999	308	168	582,156862745098	743,447916666667
168,999	331	169	585,901960784314	739,1796875
170	265	170	589,647058823529	739,567708333333
171	298	171	593,392156862745	739,955729166667
172	269	172	597,137254901961	738,403645833333
173	326	173	600,882352941176	743,447916666667
174	275	174	604,627450980392	742,671875
175	265	175	608,372549019608	738,403645833333
176	271	176	612,117647058824	738,015625
177	284	177	615,862745098039	738,015625
178	269	178	619,607843137255	740,34375
178,999	257	179	623,352941176471	738,015625
180	250	180	627,098039215686	739,567708333333
181	311	181	630,843137254902	742,283854166667
181,999	247	182	634,588235294118	737,239583333333
182,999	258	183	638,333333333333	741,119791666667
183,999	270	184	642,078431372549	741,895833333333
184,999	273	185	645,823529411765	737,239583333333
185,999	249	186	649,56862745098	739,567708333333
186,999	235	187	653,313725490196	736,075520833333
187,999	239	188	657,058823529412	738,791666666667
188,999	282	189	660,803921568627	740,731770833333
189,999	232	190	664,549019607843	739,1796875
190,999	222	191	668,294117647059	741,895833333333
191,999	229	192	672,039215686274	741,895833333333
192,999	232	193	675,78431372549	736,075520833333
193,999	243	194	679,529411764706	741,5078125
195	213	195	683,274509803922	741,119791666667
196	215	196	687,019607843137	738,015625
197	265	197	690,764705882353	736,8515625
198	235	198	694,509803921569	737,627604166667
199	201	199	698,254901960784	742,283854166667
200	266	200	702	735,6875
201	251	201	705,745098039216	739,1796875
202	262	202	709,490196078431	741,895833333333
203	223	203	713,235294117647	742,283854166667
204	245	204	716,980392156863	739,1796875
205	267	205	720,725490196078	739,1796875
206	226	206	724,470588235294	738,791666666667
207	225	207	728,21568627451	741,895833333333
208	222	208	731,960784313726	737,627604166667
209	233	209	735,705882352941	736,463541666667
210	237	210	739,450980392157	740,731770833333
211	217	211	743,196078431373	739,1796875
212	226	212	746,941176470588	738,015625
213	255	213	750,686274509804	741,5078125
214	230	214	754,43137254902	737,627604166667
214,999	234	215	758,176470588235	736,075520833333
216	241	216	761,921568627451	736,075520833333
216,999	270	217	765,666666666667	735,6875
217,999	256	218	769,411764705882	738,791666666667
218,999	213	219	773,156862745098	741,895833333333
219,999	231	220	776,901960784314	739,1796875
220,999	302	221	780,647058823529	741,5078125
222	250	222	784,392156862745	739,567708333333
223,001	193	223	788,137254901961	743,059895833333
224	244	224	791,882352941176	739,1796875
225	258	225	795,627450980392	735,299479166667
226	243	226	799,372549019608	738,403645833333
227	227	227	803,117647058824	738,791666666667
228	267	228	806,862745098039	739,1796875
229	252	229	810,607843137255	739,567708333333
230	259	230	814,352941176471	735,299479166667
231	213	231	818,098039215686	738,015625
232	236	232	821,843137254902	738,015625
233	266	233	825,588235294118	743,8359375
233,999	259	234	829,333333333333	741,119791666667
234,999	226	235	833,078431372549	737,239583333333
235,999	272	236	836,823529411765	738,403645833333
236,999	245	237	840,56862745098	735,6875
237,999	253	238	844,313725490196	736,8515625
238,999	218	239	848,058823529412	739,567708333333
239,999	244	240	851,803921568627	742,671875
240,999	321	241	855,549019607843	739,567708333333
242,001	255	242	859,294117647059	736,463541666667
242,999	249	243	863,039215686274	739,567708333333
243,999	259	244	866,78431372549	736,463541666667
244,999	259	245	870,529411764706	736,075520833333
245,999	289	246	874,274509803922	736,463541666667
246,999	251	247	878,019607843137	743,059895833333
247,999	279	248	881,764705882353	742,283854166667
249	318	249	885,509803921569	733,747395833333
250	261	250	889,254901960784	739,567708333333
251	258	251	893	737,239583333333
252	259	252	896,745098039216	739,567708333333
253	299	253	900,490196078431	738,791666666667
253,999	273	254	904,235294117647	738,015625
255	235	255	907,980392156863	740,34375
256	249	256	911,725490196078	739,567708333333
257	253	257	915,470588235294	736,463541666667
258	248	258	919,21568627451	739,567708333333
259	223	259	922,960784313726	743,059895833333
260	249	260	926,705882352941	735,299479166667
261	284	261	930,450980392157	738,403645833333
262	251	262	934,196078431373	736,075520833333
263	223	263	937,941176470588	741,5078125
264	209	264	941,686274509804	745
265	229	265	945,43137254902	740,731770833333
266	223	266	949,176470588235	739,955729166667
267	199	267	952,921568627451	739,955729166667
267,999	233	268	956,666666666667	741,5078125
268,999	185	269	960,411764705882	744,223958333333
269,999	183	270	964,156862745098	737,239583333333
270,999	166	271	967,901960784314	735,6875
271,999	169	272	971,647058823529	738,791666666667
272,999	181	273	975,392156862745	741,895833333333
273,999	169	274	979,137254901961	736,8515625
275	184	275	982,882352941176	740,731770833333
276	165	276	986,627450980392	739,567708333333
277	184	277	990,372549019608	738,015625
278	174	278	994,117647058824	740,731770833333
279	149	279	997,862745098039	742,283854166667
280	185	280	1001,60784313725	739,955729166667
281	213	281	1005,35294117647	735,6875
282	177	282	1009,09803921569	738,791666666667
283	149	283	1012,8431372549	739,567708333333
284,001	204	284	1016,58823529412	742,671875
285	194	285	1020,33333333333	736,8515625
286	163	286	1024,07843137255	741,5078125
286,999	171	287	1027,82352941176	743,059895833333
287,999	159	288	1031,56862745098	737,239583333333
289,001	183	289	1035,3137254902	741,5078125
289,999	172	290	1039,05882352941	739,567708333333
290,999	138	291	1042,80392156863	736,8515625
291,999	158	292	1046,54901960784	738,015625
292,999	163	293	1050,29411764706	739,955729166667
293,999	169	294	1054,03921568627	739,955729166667
294,999	141	295	1057,78431372549	740,34375
295,999	142	296	1061,52941176471	739,1796875
296,999	154	297	1065,27450980392	735,299479166667
297,999	127	298	1069,01960784314	739,567708333333
298,999	132	299	1072,76470588235	739,567708333333
299,999	151	300	1076,50980392157	737,627604166667
	153	301	1080,25490196078	
	145	302	1084	
	131	303	1087,74509803922	
	120	304	1091,49019607843	
	121	305	1095,23529411765	
	124	306	1098,98039215686	
	118	307	1102,72549019608	
	122	308	1106,47058823529	
	136	309	1110,21568627451	
	141	310	1113,96078431373	
	131	311	1117,70588235294	
	199	312	1121,45098039216	
	212	313	1125,19607843137	
	222	314	1128,94117647059	
	218	315	1132,6862745098	
	253	316	1136,43137254902	
	380	317	1140,17647058824	
	358	318	1143,92156862745	
	373	319	1147,66666666667	
	454	320	1151,41176470588	
	443	321	1155,1568627451	
	485	322	1158,90196078431	
	402	323	1162,64705882353	
	476	324	1166,39215686275	
	529	325	1170,13725490196	
	454	326	1173,88235294118	
	439	327	1177,62745098039	
	456	328	1181,37254901961	
	485	329	1185,11764705882	
	399	330	1188,86274509804	
	324	331	1192,60784313725	
	351	332	1196,35294117647	
	327	333	1200,09803921569	
	269	334	1203,8431372549	
	221	335	1207,58823529412	
	207	336	1211,33333333333	
	178	337	1215,07843137255	
	138	338	1218,82352941176	
	121	339	1222,56862745098	
	89	340	1226,3137254902	
	84	341	1230,05882352941	
	73	342	1233,80392156863	
	43	343	1237,54901960784	
	47	344	1241,29411764706	
	59	345	1245,03921568627	
	52	346	1248,78431372549	
	51	347	1252,52941176471	
	39	348	1256,27450980392	
	56	349	1260,01960784314	
	66	350	1263,76470588235	
	79	351	1267,50980392157	
	81	352	1271,25490196078	
	121	353	1275	
	111	354	1278,74509803922	
	144	355	1282,49019607843	
	167	356	1286,23529411765	
	208	357	1289,98039215686	
	237	358	1293,72549019608	
	252	359	1297,47058823529	
	294	360	1301,21568627451	
	347	361	1304,96078431373	
	327	362	1308,70588235294	
	336	363	1312,45098039216	
	361	364	1316,19607843137	
	381	365	1319,94117647059	
	390	366	1323,6862745098	
	336	367	1327,43137254902	
	415	368	1331,17647058824	
	425	369	1334,92156862745	
	330	370	1338,66666666667	
	293	371	1342,41176470588	
	327	372	1346,1568627451	
	312	373	1349,90196078431	
	250	374	1353,64705882353	
	188	375	1357,39215686275	
	195	376	1361,13725490196	
	172	377	1364,88235294118	
	146	378	1368,62745098039	
	115	379	1372,37254901961	
	79	380	1376,11764705882	
	105	381	1379,86274509804	
	55	382	1383,60784313725	
	45	383	1387,35294117647	
	44	384	1391,09803921569	
	31	385	1394,8431372549	
	25	386	1398,58823529412	
	16	387	1402,33333333333	
	22	388	1406,07843137255	
	17	389	1409,82352941176	
	12	390	1413,56862745098	
	9	391	1417,3137254902	
	7	392	1421,05882352941	
	3	393	1424,80392156863	
	7	394	1428,54901960784	
	7	395	1432,29411764706	
	9	396	1436,03921568627	
	12	397	1439,78431372549	
	3	398	1443,52941176471	
	9	399	1447,27450980392	
	5	400	1451,01960784314	
	5	401	1454,76470588235	
	7	402	1458,50980392157	
	4	403	1462,25490196078	
	8	404	1466	
	6	405	1469,74509803922	
	6	406	1473,49019607843	
	3	407	1477,23529411765	
	4	408	1480,98039215686	
	8	409	1484,72549019608	
	9	410	1488,47058823529	
	6	411	1492,21568627451	
	8	412	1495,96078431373	
	4	413	1499,70588235294	
	4	414	1503,45098039216	
	3	415	1507,19607843137	
	1	416	1510,94117647059	
	1	417	1514,6862745098	
	2	418	1518,43137254902	
	4	419	1522,17647058824	
	2	420	1525,92156862745	
	3	421	1529,66666666667	
	2	422	1533,41176470588	
	3	423	1537,1568627451	
	5	424	1540,90196078431	
	10	425	1544,64705882353	
	3	426	1548,39215686275	
	1	427	1552,13725490196	
	1	428	1555,88235294118	
	0	429	1559,62745098039	
	1	430	1563,37254901961	
	7	431	1567,11764705882	
	1	432	1570,86274509804	
	4	433	1574,60784313725	
	4	434	1578,35294117647	
	2	435	1582,09803921569	
	6	436	1585,8431372549	
	2	437	1589,58823529412	
	0	438	1593,33333333333	
	1	439	1597,07843137255	
	1	440	1600,82352941176	
	0	441	1604,56862745098	
	4	442	1608,3137254902	
	2	443	1612,05882352941	
	1	444	1615,80392156863	
	4	445	1619,54901960784	
	3	446	1623,29411764706	
	2	447	1627,03921568627	
	1	448	1630,78431372549	
	1	449	1634,52941176471	
	2	450	1638,27450980392	
	2	451	1642,01960784314	
	2	452	1645,76470588235	
	2	453	1649,50980392157	
	3	454	1653,25490196078	
	2	455	1657	
	3	456	1660,74509803922	
	2	457	1664,49019607843	
	0	458	1668,23529411765	
	3	459	1671,98039215686	
	1	460	1675,72549019608	
	2	461	1679,47058823529	
	1	462	1683,21568627451	
	4	463	1686,96078431373	
	1	464	1690,70588235294	
	4	465	1694,45098039216	
	4	466	1698,19607843137	
	0	467	1701,94117647059	
	0	468	1705,6862745098	
	1	469	1709,43137254902	
	2	470	1713,17647058824	
	0	471	1716,92156862745	
	1	472	1720,66666666667	
	1	473	1724,41176470588	
	1	474	1728,1568627451	
	2	475	1731,90196078431	
	0	476	1735,64705882353	
	0	477	1739,39215686275	
	2	478	1743,13725490196	
	0	479	1746,88235294118	
	0	480	1750,62745098039	
	2	481	1754,37254901961	
	6	482	1758,11764705882	
	1	483	1761,86274509804	
	2	484	1765,60784313725	
	3	485	1769,35294117647	
	1	486	1773,09803921569	
	2	487	1776,8431372549	
	2	488	1780,58823529412	
	2	489	1784,33333333333	
	2	490	1788,07843137255	
	2	491	1791,82352941176	
	0	492	1795,56862745098	
	1	493	1799,3137254902	
	2	494	1803,05882352941	
	1	495	1806,80392156863	
	0	496	1810,54901960784	
	2	497	1814,29411764706	
	1	498	1818,03921568627	
	0	499	1821,78431372549	
	0	500	1825,52941176471	
	0	501	1829,27450980392	
	1	502	1833,01960784314	
	0	503	1836,76470588235	
	2	504	1840,50980392157	
	0	505	1844,25490196078	
	0	506	1848	
	0	507	1851,74509803922	
	3	508	1855,49019607843	
	2	509	1859,23529411765	
	1	510	1862,98039215686	
	202	511	1866,72549019608	
