MIN=0	0	0	0	0
MAX=300	2154,43469003188	511	1866,72549019608	2000
SCALE=300	5	100	500	500
DEC=0	0	0	1	0
DEF="Zeit" t / s	"Ereignisse" N_A	"Kanal" n_A	"Energie" E_A / keV	"Spannung" U_A / V
0	0	0	-47,0196078431372	737,627604166667
1	18	1	-43,2745098039215	736,8515625
2	206	2	-39,5294117647059	739,1796875
3	258	3	-35,7843137254902	741,5078125
4	321	4	-32,0392156862745	737,627604166667
5	355	5	-28,2941176470588	739,1796875
6	330	6	-24,5490196078431	736,8515625
7	333	7	-20,8039215686274	736,075520833333
8	389	8	-17,0588235294117	735,6875
9,002	455	9	-13,3137254901961	738,403645833333
10	460	10	-9,56862745098044	735,6875
11	406	11	-5,82352941176475	739,1796875
12	448	12	-2,07843137254906	735,299479166667
13	481	13	1,66666666666669	735,6875
13,999	479	14	5,41176470588238	737,239583333333
14,999	453	15	9,15686274509807	736,075520833333
15,999	548	16	12,9019607843137	735,6875
16,999	567	17	16,6470588235294	741,895833333333
17,999	561	18	20,3921568627451	740,731770833333
18,999	519	19	24,1372549019608	740,731770833333
19,999	640	20	27,8823529411765	742,283854166667
20,999	725	21	31,6274509803922	742,283854166667
21,999	737	22	35,3725490196078	742,283854166667
22,999	718	23	39,1176470588235	736,463541666667
23,999	904	24	42,8627450980392	741,119791666667
24,999	1209	25	46,6078431372549	743,447916666667
26	1147	26	50,3529411764706	740,731770833333
27	1108	27	54,0980392156863	737,627604166667
28	1126	28	57,8431372549019	739,955729166667
29	1120	29	61,5882352941176	739,567708333333
30	945	30	65,3333333333333	742,283854166667
31	879	31	69,078431372549	741,895833333333
32	931	32	72,8235294117647	738,791666666667
32,999	1021	33	76,5686274509804	738,015625
33,999	1006	34	80,3137254901961	742,283854166667
34,999	881	35	84,0588235294118	739,567708333333
36	1029	36	87,8039215686275	739,955729166667
36,999	1154	37	91,5490196078432	740,34375
38	1091	38	95,2941176470588	741,895833333333
38,999	1060	39	99,0392156862745	736,075520833333
40	1194	40	102,78431372549	744,223958333333
41	1243	41	106,529411764706	741,119791666667
42	1192	42	110,274509803922	738,791666666667
43	1161	43	114,019607843137	744,611979166667
44	1233	44	117,764705882353	742,283854166667
44,999	1313	45	121,509803921569	739,1796875
46	1256	46	125,254901960784	746,1640625
47	1147	47	129	740,34375
48	1198	48	132,745098039216	737,239583333333
49	1299	49	136,490196078431	736,463541666667
49,999	1204	50	140,235294117647	737,627604166667
50,999	1155	51	143,980392156863	737,239583333333
51,999	1205	52	147,725490196078	738,403645833333
53	1354	53	151,470588235294	737,627604166667
54	1186	54	155,21568627451	740,731770833333
55	1021	55	158,960784313725	743,447916666667
56	1165	56	162,705882352941	739,955729166667
57	1228	57	166,450980392157	736,463541666667
58	1068	58	170,196078431373	739,1796875
59	1030	59	173,941176470588	738,403645833333
60	1127	60	177,686274509804	740,731770833333
61	1228	61	181,43137254902	740,34375
62	1118	62	185,176470588235	742,283854166667
63	1096	63	188,921568627451	738,791666666667
64,001	1163	64	192,666666666667	739,955729166667
65	1293	65	196,411764705882	740,731770833333
66	1170	66	200,156862745098	738,403645833333
66,999	1136	67	203,901960784314	740,34375
67,999	1244	68	207,647058823529	740,34375
68,999	1339	69	211,392156862745	738,015625
69,999	1199	70	215,137254901961	738,015625
70,999	1010	71	218,882352941176	739,567708333333
71,999	1158	72	222,627450980392	739,567708333333
72,999	1179	73	226,372549019608	741,5078125
73,999	963	74	230,117647058824	741,119791666667
75	918	75	233,862745098039	739,567708333333
75,999	977	76	237,607843137255	736,463541666667
76,999	1015	77	241,352941176471	745,388020833333
77,999	895	78	245,098039215686	738,791666666667
79	780	79	248,843137254902	742,283854166667
80	843	80	252,588235294118	738,403645833333
81	926	81	256,333333333333	740,731770833333
82	849	82	260,078431372549	740,34375
83	728	83	263,823529411765	742,671875
84	777	84	267,56862745098	739,1796875
85	833	85	271,313725490196	742,283854166667
85,999	728	86	275,058823529412	739,567708333333
86,999	680	87	278,803921568627	738,015625
87,999	709	88	282,549019607843	742,671875
88,999	777	89	286,294117647059	741,895833333333
89,999	723	90	290,039215686274	740,34375
91	660	91	293,78431372549	739,1796875
92,001	676	92	297,529411764706	741,119791666667
92,999	720	93	301,274509803922	743,059895833333
94	635	94	305,019607843137	737,627604166667
95	569	95	308,764705882353	741,119791666667
96	657	96	312,509803921569	739,567708333333
96,999	653	97	316,254901960784	740,731770833333
98	643	98	320	737,239583333333
99,002	590	99	323,745098039216	742,283854166667
100	631	100	327,490196078431	736,8515625
101	677	101	331,235294117647	736,463541666667
102	589	102	334,980392156863	736,8515625
102,999	535	103	338,725490196078	740,731770833333
104	583	104	342,470588235294	743,059895833333
105	626	105	346,21568627451	741,895833333333
105,999	572	106	349,960784313726	740,34375
107	491	107	353,705882352941	735,6875
108	582	108	357,450980392157	738,791666666667
109	609	109	361,196078431373	743,8359375
110	550	110	364,941176470588	738,791666666667
111	521	111	368,686274509804	738,791666666667
112	490	112	372,43137254902	739,955729166667
113	559	113	376,176470588235	739,955729166667
114	482	114	379,921568627451	737,239583333333
115	455	115	383,666666666667	736,8515625
116	513	116	387,411764705882	737,627604166667
117	498	117	391,156862745098	743,059895833333
118	484	118	394,901960784314	739,1796875
119	432	119	398,647058823529	737,239583333333
119,999	461	120	402,392156862745	741,119791666667
120,999	524	121	406,137254901961	739,955729166667
121,999	440	122	409,882352941176	739,955729166667
122,999	445	123	413,627450980392	736,8515625
124,002	447	124	417,372549019608	739,955729166667
124,999	498	125	421,117647058824	737,239583333333
125,999	419	126	424,862745098039	743,447916666667
127,001	366	127	428,607843137255	739,567708333333
127,999	409	128	432,352941176471	739,955729166667
128,999	399	129	436,098039215686	739,955729166667
129,999	410	130	439,843137254902	734,5234375
131	376	131	443,588235294118	741,5078125
132	394	132	447,333333333333	737,239583333333
133	419	133	451,078431372549	735,299479166667
134	433	134	454,823529411765	737,239583333333
135	381	135	458,56862745098	739,955729166667
136	401	136	462,313725490196	735,6875
137	408	137	466,058823529412	742,283854166667
137,999	345	138	469,803921568627	737,239583333333
138,999	354	139	473,549019607843	738,015625
140	365	140	477,294117647059	740,731770833333
140,999	394	141	481,039215686275	738,015625
141,999	368	142	484,78431372549	740,34375
142,999	369	143	488,529411764706	737,627604166667
143,999	376	144	492,274509803922	743,447916666667
145	390	145	496,019607843137	738,015625
146	329	146	499,764705882353	736,075520833333
147	308	147	503,509803921569	738,015625
148	340	148	507,254901960784	738,015625
149	358	149	511	739,567708333333
150	333	150	514,745098039216	745,388020833333
151	335	151	518,490196078431	739,567708333333
152	335	152	522,235294117647	735,6875
153	420	153	525,980392156863	741,119791666667
154	324	154	529,725490196078	737,627604166667
155	311	155	533,470588235294	734,5234375
155,999	308	156	537,21568627451	741,119791666667
156,999	340	157	540,960784313726	736,075520833333
158	301	158	544,705882352941	739,1796875
159	308	159	548,450980392157	736,8515625
160	301	160	552,196078431373	739,1796875
161	334	161	555,941176470588	737,627604166667
162	316	162	559,686274509804	736,075520833333
163	289	163	563,43137254902	741,895833333333
164	302	164	567,176470588235	737,239583333333
165	305	165	570,921568627451	735,299479166667
166	310	166	574,666666666667	737,627604166667
167	258	167	578,411764705882	738,791666666667
168	298	168	582,156862745098	736,075520833333
169	339	169	585,901960784314	743,447916666667
170	309	170	589,647058823529	744,223958333333
171	277	171	593,392156862745	739,955729166667
171,999	309	172	597,137254901961	743,059895833333
172,999	287	173	600,882352941176	741,5078125
173,999	288	174	604,627450980392	734,911458333333
174,999	279	175	608,372549019608	735,6875
175,999	266	176	612,117647058824	736,8515625
176,999	264	177	615,862745098039	739,567708333333
177,999	289	178	619,607843137255	736,463541666667
178,999	284	179	623,352941176471	735,299479166667
179,999	277	180	627,098039215686	740,34375
180,999	318	181	630,843137254902	738,015625
181,999	281	182	634,588235294118	742,671875
182,999	262	183	638,333333333333	736,463541666667
183,999	286	184	642,078431372549	737,627604166667
185	314	185	645,823529411765	740,34375
186	270	186	649,56862745098	738,403645833333
187	247	187	653,313725490196	740,731770833333
188	277	188	657,058823529412	739,1796875
189	277	189	660,803921568627	736,075520833333
189,999	297	190	664,549019607843	738,403645833333
190,999	240	191	668,294117647059	738,015625
191,999	275	192	672,039215686274	736,8515625
192,999	281	193	675,78431372549	738,015625
193,999	265	194	679,529411764706	743,059895833333
195	264	195	683,274509803922	736,075520833333
195,999	242	196	687,019607843137	738,015625
197	288	197	690,764705882353	734,5234375
198	269	198	694,509803921569	734,911458333333
198,999	241	199	698,254901960784	738,403645833333
200	278	200	702	734,911458333333
201	279	201	705,745098039216	705,033854166667
202	252	202	709,490196078431	743,059895833333
203	232	203	713,235294117647	739,955729166667
204	280	204	716,980392156863	738,015625
205	281	205	720,725490196078	741,5078125
206	246	206	724,470588235294	735,6875
207	216	207	728,21568627451	740,731770833333
207,999	266	208	731,960784313726	738,791666666667
209	257	209	735,705882352941	736,075520833333
210	259	210	739,450980392157	738,403645833333
210,999	242	211	743,196078431373	737,239583333333
212	286	212	746,941176470588	741,119791666667
213	277	213	750,686274509804	739,955729166667
214	276	214	754,43137254902	735,299479166667
215	237	215	758,176470588235	741,119791666667
216	248	216	761,921568627451	739,1796875
217	289	217	765,666666666667	739,567708333333
218	265	218	769,411764705882	737,627604166667
219	248	219	773,156862745098	735,299479166667
220	243	220	776,901960784314	738,791666666667
221	300	221	780,647058823529	738,403645833333
222,001	288	222	784,392156862745	736,8515625
223	251	223	788,137254901961	735,299479166667
224	240	224	791,882352941176	739,1796875
224,999	275	225	795,627450980392	742,671875
225,999	251	226	799,372549019608	739,1796875
226,999	263	227	803,117647058824	740,34375
227,999	261	228	806,862745098039	739,1796875
228,999	280	229	810,607843137255	744,223958333333
229,999	258	230	814,352941176471	739,955729166667
230,999	243	231	818,098039215686	742,283854166667
232	296	232	821,843137254902	741,5078125
232,999	309	233	825,588235294118	743,447916666667
233,999	272	234	829,333333333333	737,239583333333
234,999	264	235	833,078431372549	738,403645833333
235,999	300	236	836,823529411765	740,34375
236,999	332	237	840,56862745098	738,403645833333
238	305	238	844,313725490196	739,955729166667
239	270	239	848,058823529412	736,463541666667
240	298	240	851,803921568627	739,1796875
240,999	316	241	855,549019607843	740,34375
242	274	242	859,294117647059	741,5078125
242,999	265	243	863,039215686274	742,283854166667
243,999	309	244	866,78431372549	741,5078125
244,999	333	245	870,529411764706	741,895833333333
245,999	285	246	874,274509803922	736,463541666667
246,999	271	247	878,019607843137	738,015625
248	318	248	881,764705882353	741,895833333333
249	291	249	885,509803921569	737,627604166667
250	282	250	889,254901960784	738,403645833333
251	259	251	893	739,955729166667
252	303	252	896,745098039216	743,447916666667
253	325	253	900,490196078431	741,5078125
254	300	254	904,235294117647	740,34375
255	270	255	907,980392156863	737,239583333333
256	267	256	911,725490196078	743,8359375
257	296	257	915,470588235294	739,567708333333
258	290	258	919,21568627451	740,731770833333
259	251	259	922,960784313726	736,8515625
259,999	270	260	926,705882352941	746,1640625
260,999	265	261	930,450980392157	739,1796875
261,999	279	262	934,196078431373	737,627604166667
262,999	234	263	937,941176470588	738,015625
263,999	253	264	941,686274509804	739,955729166667
265	270	265	945,43137254902	739,955729166667
266	258	266	949,176470588235	740,731770833333
267	201	267	952,921568627451	736,8515625
268	236	268	956,666666666667	741,895833333333
269	254	269	960,411764705882	739,1796875
270	221	270	964,156862745098	741,895833333333
271	211	271	967,901960784314	738,403645833333
272	209	272	971,647058823529	738,791666666667
273	194	273	975,392156862745	741,5078125
274	194	274	979,137254901961	738,015625
275	183	275	982,882352941176	739,567708333333
276	193	276	986,627450980392	733,359375
277	223	277	990,372549019608	738,015625
277,999	197	278	994,117647058824	745,388020833333
278,999	198	279	997,862745098039	740,34375
279,999	211	280	1001,60784313725	736,8515625
281	196	281	1005,35294117647	737,627604166667
281,999	174	282	1009,09803921569	739,1796875
282,999	156	283	1012,8431372549	736,463541666667
283,999	210	284	1016,58823529412	741,119791666667
284,999	187	285	1020,33333333333	739,1796875
285,999	206	286	1024,07843137255	740,34375
286,999	189	287	1027,82352941176	736,463541666667
287,999	188	288	1031,56862745098	743,447916666667
288,999	190	289	1035,3137254902	745,388020833333
289,999	181	290	1039,05882352941	738,403645833333
291	164	291	1042,80392156863	738,403645833333
292	171	292	1046,54901960784	734,911458333333
293	198	293	1050,29411764706	739,955729166667
293,999	185	294	1054,03921568627	737,239583333333
295	139	295	1057,78431372549	740,34375
296	160	296	1061,52941176471	736,8515625
297	171	297	1065,27450980392	742,671875
298,001	159	298	1069,01960784314	738,403645833333
298,999	151	299	1072,76470588235	738,403645833333
299,999	165	300	1076,50980392157	739,567708333333
	160	301	1080,25490196078	
	161	302	1084	
	112	303	1087,74509803922	
	144	304	1091,49019607843	
	151	305	1095,23529411765	
	137	306	1098,98039215686	
	129	307	1102,72549019608	
	160	308	1106,47058823529	
	175	309	1110,21568627451	
	140	310	1113,96078431373	
	157	311	1117,70588235294	
	209	312	1121,45098039216	
	236	313	1125,19607843137	
	220	314	1128,94117647059	
	254	315	1132,6862745098	
	280	316	1136,43137254902	
	370	317	1140,17647058824	
	375	318	1143,92156862745	
	388	319	1147,66666666667	
	454	320	1151,41176470588	
	548	321	1155,1568627451	
	504	322	1158,90196078431	
	455	323	1162,64705882353	
	546	324	1166,39215686275	
	644	325	1170,13725490196	
	546	326	1173,88235294118	
	477	327	1177,62745098039	
	542	328	1181,37254901961	
	526	329	1185,11764705882	
	449	330	1188,86274509804	
	393	331	1192,60784313725	
	351	332	1196,35294117647	
	340	333	1200,09803921569	
	287	334	1203,8431372549	
	269	335	1207,58823529412	
	244	336	1211,33333333333	
	205	337	1215,07843137255	
	162	338	1218,82352941176	
	110	339	1222,56862745098	
	104	340	1226,3137254902	
	87	341	1230,05882352941	
	78	342	1233,80392156863	
	65	343	1237,54901960784	
	50	344	1241,29411764706	
	41	345	1245,03921568627	
	42	346	1248,78431372549	
	51	347	1252,52941176471	
	54	348	1256,27450980392	
	43	349	1260,01960784314	
	76	350	1263,76470588235	
	82	351	1267,50980392157	
	109	352	1271,25490196078	
	131	353	1275	
	149	354	1278,74509803922	
	164	355	1282,49019607843	
	193	356	1286,23529411765	
	260	357	1289,98039215686	
	261	358	1293,72549019608	
	255	359	1297,47058823529	
	323	360	1301,21568627451	
	396	361	1304,96078431373	
	409	362	1308,70588235294	
	358	363	1312,45098039216	
	360	364	1316,19607843137	
	453	365	1319,94117647059	
	379	366	1323,6862745098	
	366	367	1327,43137254902	
	379	368	1331,17647058824	
	444	369	1334,92156862745	
	387	370	1338,66666666667	
	337	371	1342,41176470588	
	372	372	1346,1568627451	
	335	373	1349,90196078431	
	266	374	1353,64705882353	
	217	375	1357,39215686275	
	203	376	1361,13725490196	
	195	377	1364,88235294118	
	140	378	1368,62745098039	
	115	379	1372,37254901961	
	113	380	1376,11764705882	
	85	381	1379,86274509804	
	69	382	1383,60784313725	
	48	383	1387,35294117647	
	46	384	1391,09803921569	
	42	385	1394,8431372549	
	30	386	1398,58823529412	
	27	387	1402,33333333333	
	17	388	1406,07843137255	
	15	389	1409,82352941176	
	14	390	1413,56862745098	
	13	391	1417,3137254902	
	12	392	1421,05882352941	
	9	393	1424,80392156863	
	10	394	1428,54901960784	
	11	395	1432,29411764706	
	10	396	1436,03921568627	
	10	397	1439,78431372549	
	10	398	1443,52941176471	
	5	399	1447,27450980392	
	7	400	1451,01960784314	
	10	401	1454,76470588235	
	5	402	1458,50980392157	
	7	403	1462,25490196078	
	4	404	1466	
	7	405	1469,74509803922	
	6	406	1473,49019607843	
	3	407	1477,23529411765	
	8	408	1480,98039215686	
	7	409	1484,72549019608	
	3	410	1488,47058823529	
	3	411	1492,21568627451	
	7	412	1495,96078431373	
	5	413	1499,70588235294	
	3	414	1503,45098039216	
	2	415	1507,19607843137	
	3	416	1510,94117647059	
	3	417	1514,6862745098	
	7	418	1518,43137254902	
	3	419	1522,17647058824	
	3	420	1525,92156862745	
	3	421	1529,66666666667	
	5	422	1533,41176470588	
	5	423	1537,1568627451	
	6	424	1540,90196078431	
	6	425	1544,64705882353	
	4	426	1548,39215686275	
	2	427	1552,13725490196	
	0	428	1555,88235294118	
	3	429	1559,62745098039	
	2	430	1563,37254901961	
	4	431	1567,11764705882	
	2	432	1570,86274509804	
	6	433	1574,60784313725	
	2	434	1578,35294117647	
	2	435	1582,09803921569	
	3	436	1585,8431372549	
	3	437	1589,58823529412	
	1	438	1593,33333333333	
	2	439	1597,07843137255	
	1	440	1600,82352941176	
	4	441	1604,56862745098	
	2	442	1608,3137254902	
	2	443	1612,05882352941	
	3	444	1615,80392156863	
	1	445	1619,54901960784	
	0	446	1623,29411764706	
	2	447	1627,03921568627	
	1	448	1630,78431372549	
	1	449	1634,52941176471	
	5	450	1638,27450980392	
	3	451	1642,01960784314	
	0	452	1645,76470588235	
	2	453	1649,50980392157	
	5	454	1653,25490196078	
	4	455	1657	
	2	456	1660,74509803922	
	3	457	1664,49019607843	
	0	458	1668,23529411765	
	1	459	1671,98039215686	
	3	460	1675,72549019608	
	2	461	1679,47058823529	
	1	462	1683,21568627451	
	3	463	1686,96078431373	
	3	464	1690,70588235294	
	1	465	1694,45098039216	
	1	466	1698,19607843137	
	0	467	1701,94117647059	
	2	468	1705,6862745098	
	2	469	1709,43137254902	
	4	470	1713,17647058824	
	1	471	1716,92156862745	
	1	472	1720,66666666667	
	3	473	1724,41176470588	
	3	474	1728,1568627451	
	2	475	1731,90196078431	
	1	476	1735,64705882353	
	4	477	1739,39215686275	
	1	478	1743,13725490196	
	3	479	1746,88235294118	
	3	480	1750,62745098039	
	4	481	1754,37254901961	
	4	482	1758,11764705882	
	1	483	1761,86274509804	
	0	484	1765,60784313725	
	1	485	1769,35294117647	
	3	486	1773,09803921569	
	1	487	1776,8431372549	
	3	488	1780,58823529412	
	2	489	1784,33333333333	
	2	490	1788,07843137255	
	2	491	1791,82352941176	
	2	492	1795,56862745098	
	0	493	1799,3137254902	
	2	494	1803,05882352941	
	1	495	1806,80392156863	
	3	496	1810,54901960784	
	0	497	1814,29411764706	
	4	498	1818,03921568627	
	2	499	1821,78431372549	
	1	500	1825,52941176471	
	1	501	1829,27450980392	
	0	502	1833,01960784314	
	3	503	1836,76470588235	
	3	504	1840,50980392157	
	1	505	1844,25490196078	
	2	506	1848	
	2	507	1851,74509803922	
	3	508	1855,49019607843	
	0	509	1859,23529411765	
	0	510	1862,98039215686	
	235	511	1866,72549019608	
