	163,820369	0,003106	0,231464
	159,123777	0,004126	0,244717
	151,976791	0,005146	0,282437
	145,544503	0,006166	0,326273
	139,724814	0,007186	0,374187
	134,211424	0,008206	0,425160
	128,800134	0,009226	0,481230
	124,001443	0,011266	0,538319
	119,406952	0,012286	0,600506
	115,016660	0,015345	0,662693
	110,932668	0,016365	0,727938
	106,848675	0,017385	0,794202
	103,070982	0,020445	0,857408
	99,395389	0,022485	0,919595
	95,923996	0,024525	0,976684
	92,758902	0,027585	1,029696
	89,695907	0,027585	1,076591
	86,837113	0,029625	1,118388
	84,080418	0,031664	1,153050
	81,630022	0,032684	1,183633
	79,179627	0,033704	1,208100
	77,035531	0,034724	1,227470
	74,789335	0,035744	1,242762
	72,849439	0,036764	1,254995
	71,011642	0,037784	1,265190
	69,173846	0,036764	1,272326
	67,540249	0,038804	1,276404
	65,906652	0,039824	1,279462
	64,375155	0,038804	1,280481
	62,945757	0,039824	1,281501
	61,618460	0,039824	1,281501
	60,291162	0,039824	1,280481
	59,065965	0,041864	1,279462
	57,942867	0,040844	1,277423
	56,921869	0,039824	1,274365
	55,900870	0,040844	1,272326
	54,879872	0,040844	1,269267
	53,858874	0,040844	1,266209
	52,939976	0,041864	1,264170
	52,225277	0,040844	1,261112
	51,510579	0,041864	1,259073
	50,693780	0,041864	1,256014
	49,876982	0,041864	1,252956
	49,264383	0,040844	1,249898
	48,651784	0,041864	1,247859
	48,039185	0,041864	1,245820
	47,426586	0,041864	1,242762
	46,916087	0,042884	1,240723
	46,507688	0,040844	1,237664
	45,895089	0,041864	1,235625
	45,486690	0,041864	1,233586
	45,078291	0,041864	1,232567
	44,567792	0,040844	1,230528
	44,159392	0,041864	1,228489
	43,750993	0,041864	1,226450
	43,546794	0,041864	1,225431
	43,138394	0,041864	1,223392
	42,832095	0,041864	1,221353
	42,423696	0,041864	1,220334
	42,117396	0,041864	1,219314
	41,811097	0,040844	1,217275
	41,708997	0,041864	1,217275
	41,300598	0,041864	1,215236
	41,198498	0,041864	1,214217
	41,096398	0,041864	1,212178
	1,175373	0,041864	1,212178
	0,664874	0,041864	1,211159
